(-3, 1, 2) => 13
(3, -5, -10) => 4
(-5, 3, 6) => 4
(-1, -5, -10) => 4
(-1, 1, -6) => 4
(1, -11, -22) => 3
(-7, 5, 10) => 3
(1, -3, -6) => 3
(0, -8, -16) => 3
(-6, 1, 14) => 3
(-5, 7, 14) => 3
(0, 1, -10) => 3
(-4, 4, 8) => 3
(-4, 1, 6) => 3
(-7, 7, 8) => 3
(3, -8, -7) => 3
(-5, 4, 5) => 3
(1, -5, -4) => 3
(-2, -6, -12) => 2
(2, 1, -18) => 2
(9, -17, -16) => 2
(1, -5, -3) => 2
(-6, 10, 20) => 2
(1, 1, -14) => 2
(-11, 13, 14) => 2
(-1, -1, -2) => 2
(5, -11, -10) => 2
(-7, 7, 7) => 2
(-5, 1, 10) => 2
(9, -17, -13) => 2
(-2, -2, -4) => 2
(-11, 13, 12) => 2
(-2, 1, -2) => 2
(13, -23, -18) => 2
(-15, 19, 17) => 2
(17, -29, -23) => 2
(-1, -2, -1) => 2
(-19, 25, 22) => 2
(5, -7, -14) => 2
(21, -35, -28) => 2
(-1, 6, -8) => 1
(1, 12, 4) => 1
(-7, 18, -2) => 1
(1, 6, -15) => 1
(5, 0, -20) => 1
(1, -6, 8) => 1
(2, 6, 12) => 1
(-6, 12, 6) => 1
(2, 0, -7) => 1
(6, -6, -12) => 1
(-1, -12, -4) => 1
(-8, 6, -6) => 1
(0, -6, -19) => 1
(4, -12, -24) => 1
(7, -18, 2) => 1
(6, -12, -6) => 1
(8, -6, 6) => 1
(8, -12, -13) => 1
(12, -18, -18) => 1
(-1, -6, 15) => 1
(-2, 0, 7) => 1
(0, 6, 19) => 1
(-8, 12, 13) => 1
(4, -6, -5) => 1
(-5, 0, 20) => 1
(-6, 6, 12) => 1
(-4, 12, 24) => 1
(-12, 18, 18) => 1
(-4, 6, 5) => 1
(-2, 5, -10) => 1
(-1, 10, 0) => 1
(-8, 16, -3) => 1
(-1, -5, 6) => 1
(0, 4, 8) => 1
(-7, 10, 5) => 1
(-3, -11, -6) => 1
(-3, -7, -14) => 1
(-9, 4, -7) => 1
(5, -17, 0) => 1
(5, -13, -8) => 1
(6, -8, 2) => 1
(-3, -5, 13) => 1
(-3, -1, 5) => 1
(-2, 4, 15) => 1
(-9, 10, 12) => 1
(-7, 1, 18) => 1
(-13, 16, 17) => 1
(-1, 3, -10) => 1
(-1, 7, -2) => 1
(-7, 13, -2) => 1
(5, -5, -19) => 1
(-2, -3, 6) => 1
(-1, 3, 6) => 1
(-7, 9, 6) => 1
(5, -9, -11) => 1
(-3, -8, -4) => 1
(-8, 4, -4) => 1
(4, -14, -21) => 1
(4, -14, -1) => 1
(5, -12, -9) => 1
(5, -8, -1) => 1
(11, -20, -18) => 1
(7, -14, -13) => 1
(-1, 4, -4) => 1
(-6, 10, -1) => 1
(8, -11, -20) => 1
(-3, -1, 6) => 1
(-2, 2, 4) => 1
(-7, 8, 7) => 1
(7, -13, -12) => 1
(-3, -5, -2) => 1
(-7, 4, -1) => 1
(7, -17, -20) => 1
(3, -11, -2) => 1
(4, -8, -4) => 1
(13, -23, -20) => 1
(-9, 7, 15) => 1
(-8, 10, 13) => 1
(-13, 16, 16) => 1
(-9, 10, 11) => 1
(5, -11, -8) => 1
(1, -1, -10) => 1
(-5, 7, 0) => 1
(11, -17, -21) => 1
(-3, -2, 0) => 1
(0, -4, -8) => 1
(-6, 4, 2) => 1
(10, -20, -19) => 1
(2, -8, -3) => 1
(5, -10, -11) => 1
(15, -26, -22) => 1
(-12, 13, 16) => 1
(-9, 11, 8) => 1
(-15, 19, 18) => 1
(2, -3, -10) => 1
(-1, -2, -8) => 1
(-4, 4, 1) => 1
(14, -23, -22) => 1
(-4, 0, 0) => 1
(-7, 6, 9) => 1
(11, -21, -14) => 1
(5, -9, -12) => 1
(2, -8, -10) => 1
(17, -29, -24) => 1
(-11, 15, 9) => 1
(-14, 16, 11) => 1
(-17, 22, 20) => 1
(-6, 5, 6) => 1
(-5, -1, -2) => 1
(13, -25, -15) => 1
(-3, 4, 4) => 1
(2, -2, -4) => 1
(16, -26, -17) => 1
(0, -2, -5) => 1
(5, -8, -13) => 1
(1, -8, -13) => 1
(19, -32, -26) => 1
(-18, 25, 18) => 1
(-13, 19, 10) => 1
(-17, 19, 10) => 1
(4, -7, -10) => 1
(-1, -8, -12) => 1
(-2, -2, 3) => 1
(20, -35, -24) => 1
(-7, 7, 6) => 1
(-6, -2, -4) => 1
(-7, 4, 11) => 1
(15, -29, -16) => 1
(-9, 7, 14) => 1
(-3, 7, 6) => 1
(3, -1, -2) => 1
(-3, 4, 11) => 1
(19, -29, -16) => 1
(-21, 31, 19) => 1
(-15, 23, 11) => 1
(-20, 22, 9) => 1
(-21, 28, 24) => 1
(-23, 31, 27) => 1
(5, -9, -10) => 1
(-1, -11, -14) => 1
(-1, -5, 4) => 1
(23, -41, -25) => 1
(-8, 9, 6) => 1
(-7, -3, -6) => 1
(-7, 3, 12) => 1
(17, -33, -17) => 1
(-11, 9, 18) => 1
(-3, 10, 8) => 1
(4, 0, 0) => 1
(-2, 4, 14) => 1
(22, -32, -15) => 1
(-2, 4, -7) => 1
(5, -6, -15) => 1
(-1, -8, -19) => 1
(23, -38, -30) => 1
(-24, 37, 20) => 1
(-17, 27, 12) => 1
(-23, 25, 8) => 1
(-23, 31, 26) => 1
(-27, 37, 32) => 1
(7, -9, -18) => 1
(25, -41, -33) => 1
(6, -11, -10) => 1
(-1, -14, -16) => 1
(0, -8, 5) => 1
(26, -47, -26) => 1
(-9, 11, 6) => 1
(-8, -4, -8) => 1
(-7, 2, 13) => 1
(19, -37, -18) => 1
(-13, 11, 22) => 1
(-3, 13, 10) => 1
(5, 1, 2) => 1
(-1, 4, 17) => 1
(25, -35, -14) => 1
(-7, 13, 26) => 1
(-3, 7, -8) => 1
(5, -5, -16) => 1
(-2, -8, -22) => 1
(25, -41, -32) => 1
(-27, 43, 21) => 1
(-19, 31, 13) => 1
(-26, 28, 7) => 1
(-25, 34, 28) => 1
(-31, 43, 37) => 1
(9, -11, -22) => 1
(2, -14, -28) => 1
(29, -47, -38) => 1
