(0, 0, 0) => 4
(4, -6, -5) => 3
(-4, 6, 5) => 3
(-1, 6, -8) => 2
(1, 12, 4) => 2
(-7, 18, -2) => 2
(1, 6, -15) => 2
(5, 0, -20) => 2
(1, -6, 8) => 2
(2, 6, 12) => 2
(-6, 12, 6) => 2
(2, 0, -7) => 2
(6, -6, -12) => 2
(-1, -12, -4) => 2
(-2, -6, -12) => 2
(-8, 6, -6) => 2
(0, -6, -19) => 2
(4, -12, -24) => 2
(7, -18, 2) => 2
(6, -12, -6) => 2
(8, -6, 6) => 2
(8, -12, -13) => 2
(12, -18, -18) => 2
(-1, -6, 15) => 2
(-2, 0, 7) => 2
(0, 6, 19) => 2
(-8, 12, 13) => 2
(-5, 0, 20) => 2
(-6, 6, 12) => 2
(-4, 12, 24) => 2
(-12, 18, 18) => 2
(4, 0, -16) => 2
(4, -4, -8) => 2
(3, -9, -18) => 2
(10, -15, -15) => 2
(-4, 0, 16) => 2
(-4, 4, 8) => 2
(-3, 9, 18) => 2
(-10, 15, 15) => 2
(2, 0, -8) => 2
(-2, 0, 8) => 2
(-1, 3, 6) => 2
(-6, 9, 9) => 2
(8, -12, -10) => 2
(1, -3, -6) => 2
(6, -9, -9) => 2
(-8, 12, 10) => 2
(0, 4, -8) => 1
(1, 9, 2) => 1
(-6, 15, -1) => 1
(0, -4, 8) => 1
(1, 5, 10) => 1
(-6, 11, 7) => 1
(-1, -9, -2) => 1
(-1, -5, -10) => 1
(-7, 6, -3) => 1
(6, -15, 1) => 1
(6, -11, -7) => 1
(7, -6, 3) => 1
(1, 2, -8) => 1
(1, 6, 0) => 1
(-5, 12, 0) => 1
(7, -6, -17) => 1
(3, 0, -12) => 1
(-1, -2, 8) => 1
(0, 4, 8) => 1
(-6, 10, 8) => 1
(6, -8, -9) => 1
(2, -2, -4) => 1
(-1, -6, 0) => 1
(0, -4, -8) => 1
(-6, 6, 0) => 1
(6, -12, -17) => 1
(2, -6, -12) => 1
(5, -12, 0) => 1
(6, -10, -8) => 1
(6, -6, 0) => 1
(12, -18, -17) => 1
(8, -12, -12) => 1
(-7, 6, 17) => 1
(-6, 8, 9) => 1
(-6, 12, 17) => 1
(-12, 18, 17) => 1
(-3, 0, 12) => 1
(-2, 2, 4) => 1
(-2, 6, 12) => 1
(-8, 12, 12) => 1
(1, 3, -2) => 1
(-4, 9, 1) => 1
(10, -12, -18) => 1
(-1, -3, 2) => 1
(-5, 6, 3) => 1
(9, -15, -16) => 1
(4, -9, -1) => 1
(5, -6, -3) => 1
(14, -21, -19) => 1
(-10, 12, 18) => 1
(-9, 15, 16) => 1
(-14, 21, 19) => 1
