0
-756
-5271
-4973
-8267
5122
150
5160
133
2545
-9944
-9879
7762
3591
-4831
-798
-2434
212
2786
-6135
3641
4321
9407
-3815
5087
871
9730
-9867
-9634
2002
4975
9707
5002
4921
4583
-9830
-5221
5066
7925
3358
4550
-2647
-6885
-8100
-4821
-8402
3594
-4147
5095
4997
-2048
9890
-9866
-5850
2096
-5034
5016
9121
61
-2711
-9188
-5057
4956
9890
-4747
1563
-5572
9182
-7989
415
2353
352
-4650
-1732
-9946
-9632
5198
1038
7154
5349
5070
5686
9549
5426
9013
2114
5359
-298
7264
5537
3350
9809
-185
238
4970
9031
-1056
5416
4609
-7081
475
-4363
-4674
8053
-4674
5023
-5182
284
3959
-4504
-9577
-9348
-1219
-8775
-5038
-9752
-177
4993
-618
-9704
-9646
-9769
-5423
-4055
334
-4549
469
-4516
5606
8044
8460
-8967
8792
5159
5678
-4426
9407
1527
-9843
7521
5200
8572
-4694
-4902
-5701
584
-9289
7265
440
-4665
-7933
3039
-5759
-5029
7491
-1405
5553
-9289
-9357
-9714
-113
-1293
6750
5134
465
5006
197
-1415
-4749
2807
8454
4711
778
-6766
206
6949
9116
777
5606
-9583
-5031
100
-4168
3217
-4635
8637
-4817
1012
-9464
-4
6613
-3477
1652
-2507
8724
3793
288
8091
-4237
-4662
2379
-269
-4498
5874
4934
5426
8091
-1024
-3956
179
672
-9287
-4038
2338
-7398
9949
1880
-87
835
6915
-4736
4096
-9240
-8996
-4148
1023
-9914
3063
-4924
809
5742
-9813
5244
-518
-5605
835
4874
-3964
400
-4121
-6721
-8111
-6278
3217
2426
-4084
-4073
-6237
4980
5507
6070
728
1767
-2027
7546
-6695
5313
-2734
6961
-5953
-9389
37
4980
5789
-4351
8765
1001
-4405
-9249
-564
9326
-5092
-7700
-9528
4961
-2359
5422
-4327
997
-5938
8923
-3964
-9451
8614
-895
5206
5704
-5546
-8917
8279
-3870
-9206
-4413
-3285
4256
705
8589
808
-6211
144
458
-3372
-9332
-4196
560
1834
-2453
4446
8979
-731
1746
1130
5384
-9377
2313
9901
-3843
-4518
199
-1689
858
6019
-4901
-9985
-3992
-4934
1009
-8971
617
-5950
6002
36
944
8954
332
496
217
2654
109
5848
-181
-9394
971
6368
112
-9008
9248
-8081
-9377
4887
641
-3815
-67
-5984
5963
-5027
-1330
-4540
-4470
-4462
-2888
-9482
-9771
-9323
2237
1121
4887
-3710
5771
9129
-5171
8780
3923
5606
-6415
-9136
-7193
-8707
489
807
-9206
6053
6257
-6135
-6377
4406
-6408
2662
-8655
4505
-8688
5713
6169
-8737
-653
382
6083
5454
3791
-6983
6161
-188
-3523
4186
5677
5914
3935
232
-4206
979
3873
-5260
9658
512
-5260
-6947
-4507
7323
-4013
-9873
6622
-9002
-8730
985
-4877
123
987
5006
512
4886
-9350
-9507
-9041
5647
4760
-3998
3308
-9956
-5389
-8681
6232
-8889
9392
-5046
-6228
-393
-2808
-5524
912
-4241
-5793
7548
2965
6179
-9825
9478
3733
642
3981
6390
5703
-7455
-24
-4540
-4649
2843
-209
-8704
-8805
-3483
3664
-2751
1277
-6789
-5758
4421
7687
7466
5278
-9010
-3580
-4669
-3580
-4971
-1261
-7970
-9864
-4649
5905
-4674
-1170
-5940
809
-8846
5273
-2874
-4454
5535
-8996
8236
4928
-3757
8377
9340
-207
1252
-3397
-8744
-3956
-364
-9008
-9277
5577
5307
697
-4934
2367
-60
6042
-3853
9177
9859
-9638
1490
1180
4087
-9914
-3793
-9295
-219
-9274
5501
566
7656
-3917
9727
1507
-9884
-3445
-3606
-9585
6126
705
-4097
-227
8456
9858
-1713
1442
8583
3942
-5484
9679
-3964
460
5920
-8703
-9274
-8938
43
-4105
7759
-5151
-6529
2280
-3461
6140
1182
2780
-4710
-9790
4415
7111
-6406
-9433
-1598
-3918
5824
-8898
6522
4921
7531
5441
-4116
-227
504
5803
-286
-5385
7856
2425
5606
-8868
4110
8337
8565
-7781
-9720
-1052
-4606
-2202
-9910
1061
4371
6173
-9812
3572
-8864
7343
6037
-808
5926
-4454
-4199
-8689
6472
772
1581
-9142
-900
8884
-8028
9092
-3361
4285
6750
-8375
1453
-9141
-4811
722
3926
-8617
6075
1035
7040
3391
8406
-4176
3230
-8129
-9057
-7606
697
-2806
4355
3861
-8776
4126
6163
760
8410
6344
-7132
5345
3214
6075
-8454
3388
-2458
1827
915
1286
809
-3819
9304
4820
-9073
-8415
5562
123
630
818
915
1204
-8600
6536
-8717
1490
-3341
-8846
5039
512
-2795
-1360
5949
1125
-8362
816
-4310
-9136
6207
-8312
-5649
-8032
-4731
-3574
1500
6257
1372
5431
1194
-3598
-5900
7761
-1598
-7627
-4522
1502
9296
-7360
-3994
9198
-9813
817
7448
-2436
-3951
5015
5868
1544
-8705
9688
-7683
-1145
1566
734
8767
-3873
6579
5225
6505
6045
-4694
1258
-7820
-3283
657
7676
9745
9594
8325
-4320
4112
-8512
-4654
-9365
-6735
-9174
-7930
-2657
5649
-9588
-8667
5447
9129
1706
4571
-989
6687
-9753
1012
1733
6196
-6888
218
-3091
9093
-8433
-3537
1015
-3864
-3994
3700
-3162
-3353
-4224
4084
-9065
1200
9749
-3421
5460
-8527
-4435
-4710
9499
-8204
-5217
-3219
782
-224
9082
3672
-63
6099
-5628
8186
3728
6786
6709
61
6030
-4339
9901
-778
-9518
8511
9339
-3321
-6009
-513
816
-3455
8985
6185
8984
-5490
9683
-8370
5220
-5940
-5096
-9527
-5524
3016
8170
5601
-8820
5959
3021
-6534
3910
6220
-3187
928
-4344
1817
1429
8485
4851
-4973
-1638
6341
-8527
5388
8777
-437
-5608
-8348
6274
-8433
6579
-8543
3530
-9985
6656
-7909
6092
-9910
-3741
4500
-6984
6140
5753
-8444
7687
-3184
3387
5069
997
2851
5027
-4686
-9910
6963
-7497
6573
7782
-8120
8684
-3113
-8996
927
1496
-6211
-3755
-8674
9901
-571
-8666
1566
-30
682
7578
8985
3900
4385
-8451
-3652
4833
6209
7392
4707
-8567
-5088
5166
-3956
2418
-8254
-4105
-3419
6483
6771
6832
1447
9135
5823
1585
-4427
-3340
3923
-1690
9343
-3574
-5659
-7685
4371
5447
-3256
-3552
1788
1680
-212
-4881
1248
-5632
537
5460
-7103
-8737
9567
-9646
1861
-3523
-3132
4476
-3360
-8068
6427
-3806
-8394
-9112
3992
-78
4725
-344
-8134
-55
-9262
-8733
-3342
-9372
6362
-4138
-3418
1747
1587
5175
3063
3928
-5238
-8111
8018
6700
-2255
5283
-9864
6991
9710
1488
5166
5690
1287
9508
1447
-6167
-1225
596
3917
6472
584
-6487
6060
1484
1857
1993
-924
4821
9587
-8968
-8972
6816
-6108
-8906
-8075
-8197
6845
-4413
-4176
781
-3510
5341
-9371
4132
-8576
7660
6692
9043
6776
2545
-3056
-1694
-5697
-9647
-6913
-5339
-248
2375
-5002
-3566
-3548
6651
-3903
-4015
1857
9730
1082
268
-5077
-4146
-3113
-9082
5851
-5524
-8370
6083
6588
8196
2950
-2724
-7968
9858
5603
6257
6700
-7474
8743
849
-3950
-8394
-1321
6622
2076
1280
6761
-3123
-5310
7018
560
-9948
6208
-2920
-8871
-3469
402
9658
-3537
-1220
-361
-8544
-8443
5353
-3102
560
-874
-802
-5509
6664
6742
-3063
-6194
9278
7030
-365
4238
7015
5705
-6231
-5052
-5046
-3524
-9607
-8039
4970
-3176
6023
9223
-6717
-4300
5141
-9260
-3397
1423
1684
-8737
-3038
-6395
-3658
9710
-4626
-6730
6389
3992
-6795
-3758
-8850
1627
4603
6447
3355
3841
-8694
7101
809
8164
-2217
-4121
1706
6140
3213
-8480
-3610
3521
-3792
-1267
147
4681
-8910
453
-8583
-8245
-5983
-5119
5897
21
-1032
-1795
-9374
-5792
305
-779
7719
-9855
-1445
4609
6383
-500
1545
-9382
-5992
-1069
-1117
258
6211
3812
-2478
-5722
5872
-4473
7901
-4642
6467
6807
9501
-8090
9885
9924
5708
1301
5185
-3551
-7988
6690
-3320
1490
6930
-3971
3369
7035
2073
2708
-111
-8295
-398
4567
9234
-3007
-2336
9645
-8
5926
-3728
7049
-7965
2660
-928
-8388
3117
-4519
6851
-8722
-3910
-9626
-2942
1586
-4638
-3051
-6529
2187
7211
7401
9791
9189
939
-4885
-3427
-8752
871
5643
-9646
-4623
502
-4884
-8949
6864
-9812
7145
6297
-6458
-3091
18
-29
1194
-2828
7109
-5087
-8268
1690
-5077
-8308
-7855
5614
4956
-9481
6462
5303
-7847
1627
-1914
-4155
-9010
6713
-3097
-1996
-4448
-3033
2271
-285
-8645
1747
29
-8144
-7258
-4498
5269
6978
-5564
-3521
1844
4798
-7455
3324
6017
8250
9791
2165
-4520
-3506
5095
-2145
8961
-7837
9026
-3281
1009
2194
-9679
6400
-5310
-5899
-5846
855
6648
-7676
6
-1713
-5539
2025
3437
-8620
-138
-8359
-8206
2127
-8439
-9858
3238
6119
1633
2066
-7756
5573
-8998
4436
-3051
1730
-8127
6486
-3862
6104
-7422
-4121
-8627
-9380
6070
-3247
8072
-3135
-4459
1494
-944
-3190
-7263
2237
568
-8355
-4053
-4190
1861
-5942
971
7030
1861
-4881
6090
1694
1002
7144
-3726
1180
4939
-8100
-621
6120
-4912
9579
7291
7323
998
2138
7125
-2608
1361
-9979
2533
-8006
9418
9626
-4083
8117
5108
-275
6696
310
6606
-8551
-2656
-3593
2233
-5498
2417
6189
-2722
-3638
-9944
346
1422
5223
-9347
-8295
-2900
-4473
6292
6973
-2560
-4310
13
9468
-2351
6408
6234
-9979
-35
-7704
-3557
7272
-2579
-3259
-3337
-2996
-9382
-7710
6786
-3090
-9016
-9929
7329
9941
709
-1061
964
7173
1855
-8969
6314
-2573
-7351
-9753
7379
-7441
6146
7412
-7788
-3112
-3162
1429
4094
6474
-6293
-9808
5942
-8111
-2596
6196
1975
-2671
3456
-2979
-647
-2499
8024
7904
-3173
9622
-2517
-4490
-7540
6274
3756
540
-6473
2664
6342
5559
-4445
3515
-5337
-3247
-5724
-7710
6626
-7114
-3587
1419
6241
-3970
-518
-1724
8590
2089
9665
219
-3459
-8378
7487
-9212
6413
9280
-6319
-9412
-8176
-4295
5166
932
2318
-9461
-2804
-4977
-7965
1807
7184
-7122
-8200
-8133
-4500
-7644
-7684
-6832
-8307
1928
2269
-3145
5357
-7912
605
5641
-3448
5765
2276
-5048
-657
6465
-5124
-7968
2918
-3356
-9979
2157
-175
-2479
-7576
3115
-2908
1088
1424
5192
1792
-7851
-7047
2392
7806
-2613
2017
-9660
-2310
-6546
7100
7040
-820
6534
6933
5647
1017
-437
-695
4798
-3552
2372
-9606
-142
-4127
6988
3641
-248
-2560
-4123
-857
1001
-2671
7000
-6983
-8422
-9676
-2857
1584
4853
266
-2145
-2627
4156
-2888
4672
1539
2600
7344
-7942
-1229
-5156
9087
818
-3302
6196
-9770
1115
-8444
-3304
-7447
9624
-9585
9498
-624
-7644
9725
6824
-7509
-6066
9649
1323
-4123
-7709
-2187
-7567
1817
-3348
-9676
2424
-8846
-5222
6216
-9487
2125
-6387
-4636
-7056
2016
9571
7366
-2710
2689
-7747
-5213
-5201
-3051
2323
8445
9960
-7530
4185
3650
-1194
7661
970
2656
9490
-9883
-8275
1180
-1993
1574
-7569
8372
6739
-8197
3867
7158
6722
-8176
4683
-8348
8777
6993
-4113
7530
8862
7329
3816
3790
-6298
-7944
9323
-3853
-8328
2193
9619
-2370
5999
1053
1257
-9917
-2179
-4861
-5404
7210
2563
7437
-7396
4194
7317
6922
-1330
1007
-9879
-5963
7536
-4489
-7864
2689
8574
-8627
1747
-3080
-7958
6037
-3751
-4934
-8021
1130
5870
-6695
-7709
2193
-2717
-9984
-8279
6884
6183
-4256
2451
540
-2087
-4489
4455
-3464
9280
9508
6687
-7796
3147
-2568
-4413
5787
-2914
-9676
8961
5959
-5142
-1012
117
-6529
7352
-1466
-7724
-5100
3104
2249
-839
5078
-3301
2549
-5947
1871
2589
2905
-9753
-6990
-4995
7635
2076
6468
-3067
975
7209
6660
9669
-8567
9679
-8055
-396
8329
1575
9456
-2268
3039
9768
-7909
-3893
-9948
-2708
1357
-9008
6806
-3445
-532
-9027
1967
7019
-3873
-5793
8492
-8438
5269
2086
-7738
-6135
-2925
-7545
-2879
1592
6128
-5832
131
-1056
4603
-5308
-1557
6515
-2728
4861
1328
1227
6828
-2093
-4427
-2220
7594
7215
-2640
1212
7346
1351
-3657
2334
9421
6472
-4812
-5442
-8960
-8466
7230
-3090
2545
-7975
5807
-4477
6245
1526
-4795
-219
-8628
-887
-8454
-3187
2624
-5404
-7484
-7527
4988
4312
-3743
-2671
-4140
-4101
-9645
-7154
4650
7000
-9546
6997
7108
2505
3064
7676
9135
-2539
-4231
-3569
-8615
7237
2324
-9864
-7920
-8928
-2813
9543
-6732
-2145
8170
9556
-8916
-2479
6039
1272
-147
2824
9456
5742
39
-3916
4028
-2916
268
-2457
2744
-9690
-3506
-7422
-2801
7555
-6479
-1209
-3939
5451
2871
4760
-2015
693
-7122
-8004
-4339
-5052
-7631
-7554
6797
-7559
2899
-9963
9135
9476
-9262
899
-797
-8999
2563
-7809
-5709
6986
-1140
-9405
8003
-9972
3639
-3721
9980
-2233
-3964
8545
-7935
2743
8260
6799
-9033
5308
6521
7721
-8206
2237
6479
7912
3902
-7695
-4201
-7259
-7398
-9174
-4339
-7734
6196
7860
5426
6337
6574
-3818
-7545
3647
-2356
2516
-2558
-1412
2066
6733
-8917
-2618
-5035
767
2676
-2591
-8415
1291
9629
-7970
-1026
7995
8694
9463
5024
2921
-7423
2700
8533
-6144
6606
1919
-9174
-7769
4096
6215
-7837
-2556
3565
-9701
-1984
4840
-4506
7890
1921
-2381
1072
-7336
-3149
-6134
-9347
-2271
-404
1827
-1853
-7063
-537
-7207
2896
7548
-2059
-4861
-3689
2910
-867
-2053
7826
-3927
1205
-8502
-3144
-8544
-7708
-7316
1767
-7077
-4606
-443
-7103
-2479
-2449
-2139
-3593
9980
1311
-9481
9112
8789
-7868
-2625
-7270
2219
6426
-8384
-4732
-9461
2769
-5025
7589
-5005
-2966
-488
-7791
-6005
2545
-9323
3178
1425
-249
2606
7543
-7380
6216
354
-1972
7028
-7633
7935
-6729
3706
-2810
-4517
-1725
7981
3872
-2711
6794
6742
-7103
975
4263
-3967
2840
7856
-8868
6550
-3112
9711
1507
2113
3046
-9350
7671
323
1827
4980
-5154
-7001
-7578
-2434
7457
-2851
-6529
-8604
-3484
-8374
-2186
-7188
7678
4610
3006
2868
-7644
-1178
-6940
2237
-2649
2444
8060
-3222
2735
5511
-9327
4948
-1948
-2739
-2434
-2533
6108
-6052
2754
-9445
7492
7494
-7157
-1948
-2365
4957
-8028
-572
8829
-6999
7209
-2998
-5914
-7063
-9043
-2758
-7856
725
1507
-2269
2240
-523
-8705
-788
5463
-7016
-6975
8723
7006
-2724
9123
-4533
-5900
-2936
512
6237
-113
8927
8624
-2632
-2047
2745
3665
-6891
-5442
-9005
-9284
7589
-7260
-8342
-6357
-8305
7627
6764
8009
9587
7100
-7207
-7741
2600
-7885
-5770
-4549
7694
415
5564
-7602
8049
8406
2329
5562
-7236
-3053
-2964
-7092
8139
-437
-2131
-4141
2931
-7942
8158
-3444
-4197
8032
-318
-8063
8951
351
-8544
-4475
8157
-2512
8819
5343
6854
-6825
-5182
3115
7976
-4613
3063
7906
8543
-1817
8039
-2117
-8838
2636
9483
-9212
8151
7146
486
-3353
818
7479
-2942
8667
-9332
7338
4941
-2745
7814
-5648
7748
-7217
-2047
9665
3405
-8431
-6117
7825
1540
-7342
-8760
-5864
8131
5752
-2010
-6120
-3967
-3726
632
-5963
912
3308
3971
-6161
8104
-6426
-4749
-6975
-5383
1011
295
-2887
-6834
7758
2246
9924
-5046
7635
13
8043
4406
-2907
562
-1170
7976
8216
-820
1869
-7115
1298
2037
2997
-9390
-9154
-2120
6225
-189
7789
7728
5820
5696
-7260
-7817
-8055
5525
1288
5078
-8874
2730
9409
2940
-8196
-3176
5713
7491
401
2017
858
-929
2700
-8493
3177
7998
-1423
8094
7274
4132
-2854
-2525
-1824
936
2665
1817
7633
8273
3096
-6713
2556
-2254
3023
-6476
-9812
-6713
-547
-905
7382
-5027
1370
-2312
2827
-1846
-1032
-6216
-9855
7995
-3163
-1180
-2508
7725
3212
7956
-1839
-6595
-2048
1710
7919
2842
7161
8144
5507
-8100
7215
9406
4284
-1268
-1705
-2345
1795
998
7799
8325
-3426
6216
8329
3971
6445
-1675
-4723
-8656
8091
-2183
-4506
-6975
-6945
-2764
-4013
-7399
-5610
-8136
-6808
2185
-1817
-9185
7487
2896
5999
-2531
-6435
-9947
3074
9407
8748
-8707
3900
-1661
-6692
6749
-3943
-4924
4081
9376
8032
-6812
-2671
-9380
3285
-8175
8337
1395
-4645
6748
2745
353
-4626
4970
-3187
-7203
5754
-2310
-9090
7435
3016
2549
-4290
6814
728
3063
-8588
-3530
-2748
8256
6660
-3772
-4962
-1837
8677
-7551
3287
2249
1539
-2561
-8512
-7065
-6889
-1755
-1171
-9284
-2614
6151
-2010
7661
8396
354
7198
7691
2451
-9271
-6473
-1476
3090
6192
-8898
-2458
7799
1436
2437
47
4790
-5052
-4146
-501
-4821
-8308
-1445
794
-7648
-1698
-5310
3063
8304
-7258
-5221
-334
7220
-3228
-6736
-2993
6844
4367
-5052
747
7581
-1853
6749
-3397
-240
1593
-4147
2956
5366
1928
-6713
2678
654
6273
-7060
-3051
2729
6748
-2079
-8321
1257
-2374
7027
5416
2846
8357
1676
1298
-2233
3515
927
5568
-6080
3130
7944
4556
5734
8326
-8204
7856
2190
6173
-3787
2993
-5495
-4477
-9623
-6853
-6605
2851
-3967
-8968
-5151
7612
-6164
7028
-5783
7352
8241
7950
2596
-6508
7965
4575
-7307
8064
2257
7932
6302
-2059
8380
5774
-3319
8877
-212
3480
-4701
-1935
8929
-5002
-1805
3380
9971
8011
-6196
-9277
-32
858
3426
4902
6096
-7474
-2053
-1537
-1588
7350
6459
6221
-2862
-1825
5430
7845
-2145
5047
-2829
-7499
9619
-2813
8230
-7499
7132
-9491
-3085
1783
-1577
264
7210
2851
3478
8902
5923
695
-3293
2545
-8747
8395
-3951
3451
-7041
-6557
-7677
-7282
-2841
7763
6284
6775
-3418
8740
7897
-7004
8492
-3101
660
7354
-1523
-1622
8021
-2829
8246
8438
512
-2397
1208
6140
-7417
8268
-2410
6968
-2010
-1718
-1090
3111
5660
3486
-1537
3344
-5123
-8369
2689
2997
8236
-1144
7689
-5398
-392
-2421
632
4298
3378
404
1424
-2005
2702
-6040
8069
7010
-3308
-284
6461
-7004
-1452
2871
-2027
-7398
-8792
7503
-1663
-5501
-7682
9788
-328
-6996
3609
7728
-6940
-6164
-8707
-697
8214
-3682
-8415
6515
-762
-6631
-6409
-4822
-1718
-6667
9167
-7297
-6482
-1899
9805
-6120
-8074
9730
-7269
-3893
-6636
-1639
6157
-4036
9698
5525
2863
-224
-1695
7685
-6508
-7796
-8589
254
-8502
6856
-6148
3238
-6957
7346
-8705
7932
-2486
-1879
-4825
-4423
7976
4158
-8236
-4581
-8137
8408
3451
4087
-7197
-1456
9312
-764
-3964
-1547
3454
1217
-4377
-1571
-1694
-8501
1812
2093
7094
8474
8934
1946
-8699
-6912
-8892
-7483
-8125
-6322
4760
-4815
-2151
4862
8499
7209
5960
9256
8654
4587
3092
1508
2878
1864
-7516
-1675
3527
7972
489
-2232
-4856
3213
2728
1564
-5219
5511
1425
1174
-7942
4123
3659
6622
-7094
-8754
-2215
-1888
-6312
435
8524
5551
32
5506
-398
8679
9962
-1531
7529
1019
6221
-6507
-3058
7573
-7324
-2005
-3865
6825
-4556
3157
-3019
7336
4042
3399
1032
-1339
-647
-2879
-5058
8400
3570
7783
-8349
-6919
2728
8674
-6947
-6526
-7038
2689
8474
7335
3720
5313
-1956
8723
8534
2899
8723
-9813
-7462
9061
-1891
-4183
-6645
-268
8064
-6871
-8707
-6182
4845
-8861
3590
9829
3396
2353
8583
-3691
8645
-9873
2437
-1392
-7082
7943
8277
-6325
4644
5949
3910
7275
-5338
-6473
3077
827
-8950
3570
3691
7093
9579
-6825
-8215
6690
-1742
2886
5221
-9833
8744
3462
3454
-6406
2187
521
-7254
-632
8406
-1142
2313
-7554
-2900
-4431
3657
995
2168
1857
5606
7660
-205
8510
-1972
-6312
8032
7715
8467
1602
-5805
8740
-924
5825
-4676
1561
-9271
-7455
5717
-1200
-3348
-5459
481
-6482
-2337
-8802
7049
-8838
-9544
-2010
-4447
8743
5141
-5957
-6461
-6275
1533
467
9481
2628
-8305
3564
7434
8446
-2399
8583
-5459
-5704
4239
-3687
-2225
9182
-6562
8196
-1569
-152
-3691
-1999
9406
641
9725
641
8081
5480
-6510
-6317
5292
-3459
6196
1212
-5326
3096
-728
9757
-123
3748
5577
6915
1728
3592
3315
-1126
-5504
3807
-4466
-5807
4928
3953
1508
2999
-6567
2321
7910
5949
-4121
-8600
556
3854
1931
-1236
8635
-761
-2865
1012
-3102
-1178
-9057
-6235
2694
544
-19
-2958
7570
-8480
-5013
-2096
-6420
-2829
8782
3764
5275
8474
8988
6409
8694
605
1453
3664
1361
-4924
5971
-3909
-8143
-1761
-6638
-4870
-1598
3688
-8512
-1135
2282
3530
-1229
1802
-6157
-6487
3090
-8687
2726
2628
-7800
3850
-1929
-1383
-1194
-6688
-877
3350
-4881
8802
8524
1539
-9335
-6231
-2343
-6214
-2037
-1395
6137
-1146
-9623
-3460
-1725
8084
-2413
3530
8073
7443
6522
8604
777
-2567
197
-7821
-7821
-2463
509
-8781
8798
7131
9326
7014
-5142
5992
915
4939
-5109
8406
-6607
8117
8801
-6167
-1330
2966
-8267
8448
-6444
2093
-4897
-4867
-6217
7950
609
-6786
2966
-2228
-7307
7950
-1200
-3102
-818
-1387
6625
-1099
237
2073
9729
3304
-1225
-6631
465
3914
3904
8258
-6635
-2561
3599
-4549
8305
3462
-4076
4036
-2652
-1873
3926
-6370
-5802
8910
4111
-6108
3535
2919
-7253
90
-4233
775
-2970
8557
8474
-2663
8927
7147
3765
2311
-7791
-5090
-8719
1842
9861
1807
-6522
-5030
6313
3295
6445
-1263
7613
-7236
-1357
-4137
9798
6075
4462
-4912
3546
-7633
7979
-6071
9067
-5781
5429
3807
3916
-7647
5771
6682
6409
-6766
-6521
6291
-1300
8481
7160
6761
3029
4603
-4654
1855
3876
3586
-7790
1633
3561
7359
3896
-3142
-9327
-1623
3793
3023
3674
-684
-8493
3507
-6319
7244
8566
8170
-2013
9755
1453
-5773
7684
6771
3174
-8551
-561
3039
4585
632
3635
-1290
714
-3184
-1099
2976
-4663
-1449
-1392
-6134
-1374
-2997
2165
7761
-1100
3931
-285
9912
6282
8084
8954
6456
-2423
3643
2507
8851
-5077
4545
3557
-3310
8694
6700
1966
-5923
-6476
-8697
1359
-7442
7775
-5984
2369
1257
-1686
-6357
-6196
-3975
-6208
8631
-7021
-311
2516
-5491
9994
-4201
-510
-1478
3592
238
3989
7870
-3360
8985
-219
9000
4576
6019
4313
3728
5400
-6605
8933
-4937
-2167
4282
-8583
8077
9407
-6244
-3102
8146
1817
-6947
-6619
8984
6426
3570
692
8351
-1787
-8280
-185
3219
4086
3703
3561
-3420
-6052
8709
7542
217
-956
-7679
-7567
-6290
4927
8677
7449
2847
7805
3067
-5989
-5783
-7050
-2568
8139
-6010
8363
3964
3862
4053
-9010
-7091
8939
-4459
166
8973
5225
-2906
9983
3992
-5980
-3920
-5983
3128
-5983
-4540
8979
513
899
-8716
-2993
-410
-8297
3104
8775
-6081
8047
71
8786
-2268
6057
-5328
5907
3990
-7041
-6597
-956
-6244
3469
9522
-3091
921
8769
-1274
-7336
9064
-6108
7576
5912
-6446
-1799
7603
1217
-1727
470
8103
351
-4545
4060
2596
9755
-857
-3537
-4489
-6024
-6895
5247
9066
-9970
7075
-1634
8910
4106
2257
-73
9310
8158
-6631
-2185
8614
5954
-1398
-7725
3378
-6229
7316
-6896
-2916
4646
7017
-6024
2926
9323
2739
-920
-1300
5577
9116
-4036
8257
-5884
4104
5976
4084
8723
-1395
3322
-5926
-7134
3464
3802
-6087
-4747
1946
9068
3798
-7360
-4677
7758
-6353
-8600
-927
670
2087
7264
-2293
2534
-6876
-386
-7034
8047
-3104
-412
3214
9153
-1194
1277
-6607
3674
-8324
4029
9852
8909
3427
6630
8833
-6055
941
1959
8610
-6331
3238
-5869
-7400
705
2140
-6786
-2745
-3033
5372
9962
-9873
-6823
-4716
9442
7573
4845
8606
-3753
5253
-1488
1927
2683
-9295
451
-3829
-9860
-2558
-6186
-6376
912
6982
6922
-1009
-7652
3276
-3348
8819
-5923
-9944
1323
6372
-877
8863
-3743
-8722
-5891
-6116
-255
-212
-2846
-6996
-3525
6979
1215
3712
939
5894
-6164
-2213
-4121
-5818
3775
-918
-7103
7329
7608
-8604
3329
2746
9406
5539
-207
-6009
-7300
-8666
8954
-4595
-6138
-8096
7904
4355
5742
-7098
-1623
-5967
4185
4112
7513
521
-7679
-6010
-9996
3899
8036
62
-7821
1325
-309
7799
-4881
9202
3570
-4190
3657
-6317
-1930
-5456
6075
8109
-8394
2974
6189
7437
2736
2628
7719
-6010
7437
1258
2413
9464
799
-8951
6431
4188
-7882
5309
8757
4053
6900
6496
-8558
-4154
6343
-8567
-4472
-5940
8385
-7036
-7038
8228
-6476
9480
3482
7976
3700
7698
5740
3992
-2233
1545
5568
2940
6690
-6339
3958
-1774
1005
3488
-4448
8565
5303
8064
2271
-8970
4064
-1983
-813
-5869
8863
7901
2570
8929
998
-8231
9234
2215
-874
4027
-5174
-2813
6880
3678
4002
-5987
7231
-2379
-6947
-5815
5217
-2871
4009
-7530
8666
8117
-6306
3276
4082
-4592
5515
-6003
-9694
-8660
809
-4644
-2116
-1376
-8694
9239
-5477
-6239
2113
-2254
3753
2689
4609
-5398
-8626
2668
-4518
4088
-4300
-3839
8681
-5954
7814
-1050
8984
-2973
-6331
-6024
4928
4853
-5176
4036
7901
8928
3040
-920
3239
9535
8309
-5160
-8279
4406
9115
-3187
9025
-6823
6825
-6609
1805
-2439
-6040
-745
-3252
7945
4095
7901
5568
-749
7811
2660
4113
-1001
-429
3434
3990
9091
-7890
-764
-560
-2579
-1069
-6730
-695
-5758
-7466
8935
-6597
4652
2560
-5965
-7170
-1401
-9563
-929
-7961
8298
7774
3595
1262
-6194
5581
-1991
3812
-7338
305
9100
-672
4084
-1699
3938
3324
4197
4903
-701
9278
2381
6722
-6024
2185
-5688
3295
-6016
9207
-1634
1976
8995
-2159
2086
-4351
9343
7479
-1084
3117
2847
-6222
-8802
-6097
4036
-6808
-7473
-6353
9015
-874
3276
-2862
3607
1733
3675
3190
-8374
-6317
3873
4844
-393
-1531
1248
4269
-6097
6776
-3251
8585
4369
-6349
4371
8652
3183
7981
9346
9026
-6032
-982
-2618
3666
-3519
9176
2230
-2199
7950
-7916
-2079
-24
-9494
3217
4166
-387
-514
-2010
5447
8981
8286
-1073
9296
6499
7039
3444
2934
-3619
8223
-7809
2708
3021
-5756
5472
6216
6996
7783
1650
-2579
-5129
-6205
3887
2444
7530
1967
-7094
1792
-7230
-5595
8511
9231
-7021
-3053
6752
9098
-687
-5255
3688
4376
9832
8934
4161
-6893
-9352
-1619
-228
-6445
8485
-1170
5130
2237
1388
1636
-5533
6622
5923
-1545
4948
2159
-2488
894
9326
-7065
-5663
8743
-6322
9310
-7387
3370
-1050
7759
-4613
-5908
-6167
-1559
-7961
4007
4098
4194
5460
4413
-6476
1506
-5369
-1864
8820
3603
7890
-3904
-9855
5824
-640
-2751
7097
835
-621
-1278
-6619
3591
1027
-6528
-1560
1424
474
-2762
1627
1218
-9045
-2656
7316
4292
-1914
-6010
9334
-8438
-4190
7904
-7974
9039
2902
-653
-7299
3090
-5807
-5807
2220
-8477
7292
-5932
-8015
-8417
-5632
5533
-588
3216
-572
4839
6626
8552
4064
-6135
3184
1764
-3864
3715
-2574
7841
3001
4329
-6115
5887
-1896
9890
9440
2973
9419
-956
-2213
9366
8705
-6523
-1038
1872
-2310
296
4467
-1051
2662
3534
-6243
9266
-3840
6215
7019
4565
-6766
7721
-547
-8716
1711
1361
9441
9153
6426
-7146
-2925
4098
-5807
4624
6776
1875
1967
9255
5472
-5096
-5498
853
-7473
-9059
-5775
3339
4321
-5659
763
-1990
-1550
8916
7965
-6011
4957
9672
9472
-6996
7110
-4308
-8433
-6008
9087
-332
1363
2054
-9367
7578
7040
-1178
4814
-2647
1518
9502
9118
4388
-5643
736
-8349
-5615
2329
849
4644
6973
6409
-81
-7668
4460
3104
-1293
-7519
9407
8406
-3053
-7652
-8448
9444
-8292
9485
-5747
-8551
-4337
4853
-944
3798
5040
9583
-9845
-5661
9963
8823
-5737
-9661
9751
688
343
4253
-523
6133
458
1820
5201
2266
-1478
-7763
798
4446
5141
5122
7399
8939
3872
-8789
-4190
4383
9502
3515
2289
-6513
5824
54
6849
-8212
4371
-5574
-8004
-437
8258
7448
-7082
-5663
9531
-2734
1658
4388
-5920
6371
5853
9336
2579
8072
8524
2193
-6479
-6016
3811
-5779
9423
3570
-5469
-3673
-2916
1117
-453
5647
-9613
5131
9557
8979
4473
289
3909
3900
-3127
-1446
5665
4367
-4441
6544
4887
-7994
-1991
-930
-7988
6791
-6325
-1853
-4691
-5442
9587
-756
1996
4571
-4372
-3203
-686
4585
-640
-2556
-1007
6328
8026
-2321
7613
7039
-2568
4399
4253
4482
9299
933
-6510
4616
-219
-390
4362
9456
-2800
-578
3965
1556
736
9579
6378
899
-728
9157
9579
7669
-3751
-7081
4572
5673
7450
-9012
-6476
9499
6818
1626
-2249
-4884
-5980
-6303
7521
9440
4318
4585
-4778
3117
4312
8986
-4744
6447
6786
-5310
5341
9672
-5463
-3757
5856
-2380
-237
9404
7844
3561
3926
4230
-3053
-6834
7027
-6623
-5481
-6237
7209
60
7075
3442
9310
-6298
7279
-639
-457
-2561
-4348
2570
660
2228
8091
8589
-6065
-9240
-3559
-4771
2654
-5359
-4360
7538
7877
-4831
3077
2321
-6173
4671
-457
2966
-1200
3148
-5594
-3648
4603
-548
-386
4757
-2710
-216
4500
-5944
9477
-5333
147
-7318
-5445
2689
4166
7951
-9505
-315
970
2877
-2379
-7001
8993
2498
4263
4318
3909
9542
-5056
-5359
8786
-269
-7404
-370
-5452
-393
-8195
-5553
9594
8472
6547
3835
8840
-1807
429
2556
-298
-7098
5134
-3030
-1273
-6474
8325
4556
4150
2257
8167
4547
9676
4682
-583
-312
-5343
6072
3938
6144
-6072
7943
-7743
-5971
-3557
4610
6445
4119
-2246
1425
-2508
-6768
-2374
-1681
-9347
688
-2257
-958
9074
2014
6432
-5340
1129
-9405
-160
-398
-7921
1452
539
9310
-5996
2765
212
3958
-7396
-298
-7392
-7065
-7576
9574
-311
6746
4500
4244
-285
5703
-274
3437
-2647
-5854
3812
-5383
-4311
5636
-6196
4599
-5745
-7169
-298
9499
-8953
3498
-2930
-8967
9061
9657
-3510
32
98
-2814
2327
2449
-7829
9679
9742
-3964
3595
-8762
-2457
-5182
-2596
-4454
-329
8686
-5608
7148
4725
-2215
8790
-3013
-8469
-1137
4298
4726
-4253
9189
9
-5756
-7032
4365
4517
-2204
-5879
7220
-278
-7063
-3506
9637
-365
9846
-8967
5600
-9016
-2404
4509
204
-188
6129
3751
-4925
-5359
-5219
2857
-5468
-5467
-2810
2003
9064
-8433
5604
-8729
-1263
-4652
9024
-211
1005
-4851
-2047
6676
-6945
-4256
-178
-5879
3650
-1242
-1600
7570
7521
4878
4573
4693
9432
7317
-6687
-2027
-5232
6885
1370
-9903
5854
2735
8120
7277
-3658
7000
1574
4298
2723
9804
4371
8772
9008
9490
-6631
2106
-6072
-1877
4196
5192
-7318
-5260
3165
817
4927
-2590
1722
-640
9444
7466
-1498
-6211
4098
1463
-603
7979
-6468
9757
5220
3454
-8588
7530
-478
-3304
8064
-5913
9061
4513
9451
-6929
9755
-640
-3412
-7063
4679
-1935
-7790
-4551
-6405
-6640
-204
-5221
-2088
6017
-6135
3018
-7583
4813
4556
9730
8694
-7094
4192
-7459
9813
1843
9286
9758
-5343
8619
8800
3219
4334
3733
4644
7944
-8115
9782
-912
-1418
-1091
8846
7394
-5730
-166
-5923
-3247
1393
-6948
-5926
-918
4132
-703
-652
4446
9102
2746
2859
-2813
6810
4192
-2498
2962
-5709
2025
-574
3812
2545
-7519
-5986
1511
-2997
4760
-5940
9310
7098
1393
4194
6810
4887
3950
-2360
-7325
-320
6825
3388
-5888
6781
1452
-2304
-5199
-5496
4821
9064
-454
-2748
-5426
-2102
-7287
-8263
-3878
6941
-2312
-8118
3867
-9013
9866
9310
-9188
4905
-4734
-4194
-1690
9776
4732
2847
-3989
-3394
-1570
694
-7129
4907
-2660
7450
-3133
4887
-5443
-588
4927
3932
9901
3147
2669
-5745
-5203
7961
3112
4486
-1690
6435
-6399
-8600
-5193
4758
-78
-162
-7217
3033
-6565
1733
4921
9917
-135
-7314
8919
-6005
-7099
-6903
9741
-624
8357
3789
-7126
-2904
8550
-5810
-5577
9039
-5347
-772
5713
3720
3659
3339
-5932
-6461
-976
4956
9861
-2903
9127
-576
9638
8235
7497
3495
910
-429
9730
7065
3552
3668
8432
-4299
7806
7581
-7705
-1623
-4833
-5238
2597
1448
1170
-2372
-7915
4952
7573
9757
9587
-1609
-1329
-3893
-8560
-5707
947
-5997
3212
2651
8472
2983
-6507
3484
9791
-1779
7395
-503
-410
2475
-762
-2525
-8197
-6533
-9676
-3030
4840
8272
4605
1018
4525
3275
3409
-5151
-468
-6619
-6412
-103
-6631
-9144
-2269
9984
2801
8186
6700
9949
7820
8720
-5011
3639
4789
9965
-7691